0817
0860
0900
0157
0929
0184
0951
0306
0242
0845
0238
0687
0173
0210
0947
0555
0228
0945
0575
0816
0723
0170
0949
0391
0821
0504
0419
0127
0056
0192
0234
0943
0528
0537
0729
0577
0811
0861
0135
0840
0888
0479
0718
0922
0453
0103
0481
0854
0153
0927
0159
0526
0412
0541
0469
0534
0225
0910
0737
0167
0408
0439
0444
0187
0533
0506
0239
0932
0477
0294
0948
0714
0832
0903
0815
0442
0857
0810
0851
0849
0498
0092
0899
0535
0517
0254
0912
0268
0235
0850
0511
0176
0310
0884
0546
0539
0311
0500
0557
0835
0074
0073
0582
0897
0591
0499
0908
0536
0691
0213
0926
0880
0468
0107
0862
0489
0704
0825
0833
0492
0114
0259
0144
0719
0190
0118
0804
0448
0549
0883
0543
0952
0937
0134
0218
0946
0240
0509
0291
0466
0690
0081
0507
0809
0800
0552
0214
0116
0493
0129
0274
0956
0102
0523
0087
0123
0416
0490
0934
0501
0917
0744
0576
0451
0864
0823
0882
0031
0520
0128
0203
0480
0902
0842
0834
0155
0209
0878
0885
0130
0894
0868
0869
0560
0525
0514
0458
0802
0108
0859
0830
0232
0175
0198
0491
0441
0933
0169
0806
0120
0090
0955
0706
0454
0827
0858
0122
0814
0174
0740
0456
0920
0891
0521
0202
0044
0852
0898
0866
0831
0486
0923
0726
0915
0530
0152
0224
0896
0455
0229
0194
0527
0610
0462
0446
0179
0935
0924
0427
0844
0950
0099
0876
0180
0461
0457
0430
0478
0403
0545
0447
0612
0848
0953
0487
0445
0847
0838
0843
0829
0941
0508
0474
0584
0519
0875
0853
0871
0110
0872
0925
0907
0836
0540
0886
0471
0715
0931
0824
0449
0892
0502
0879
0094
0518
0813
0505
0158
0516
0930
0459
0243
0913
0084
0589
0939
0889
0558
0837
0818
0873
0495
0887
0168
0846
0524
0450
0904
0822
0510
0826
0484
0742
0921
0460
0145
0216
0554
0200
0954
0443
0522
0805
0483
0529
0865
0264
0485
0512
0803
0241
0473
0839
0893
0936
0722
0452
0812
0895
0244
0556
0808
0201
0919
0559
0942
0863
0476
0475
0728
0928
0819
0909
0550
0542
0957
0574
0890
0033
0181
0877
0548
0874
0918
0914
0553
0938
0538
0467
0061
0855
0568
0547
0911
0841
0515
0801
0472
0870
0828
0147
0531
0867
0940
0470
0186
0544
0023
0482
0561
0494
0132
0513
0161
0219
0488
0820
0799
0551
0503
0881
0532
0807
0944
